{
 "cells": [
  {
   "cell_type": "markdown",
   "metadata": {},
   "source": [
    "1. 앞 120경기로 후 20경기 예측\n",
    "\n",
    "2. 앞 120경기를 20경기씩 6묶음으로 묶어서 후 20경기 예측"
   ]
  },
  {
   "cell_type": "code",
   "execution_count": 1,
   "metadata": {},
   "outputs": [],
   "source": [
    "import pandas as pd\n",
    "import numpy as np\n",
    "import matplotlib.pyplot as plt"
   ]
  },
  {
   "cell_type": "markdown",
   "metadata": {},
   "source": [
    "## 1. 데이터 가져오기"
   ]
  },
  {
   "cell_type": "code",
   "execution_count": 2,
   "metadata": {},
   "outputs": [],
   "source": [
    "t_bat16=pd.read_csv(\"C:/Users/a/Desktop/2020빅콘/제공데이터/제공데이터(.CSV)_시즌별, 시트별 구분/2020빅콘테스트_스포츠투아이_제공데이터_팀타자_2016.csv\",encoding='utf-8',engine='python')\n",
    "t_bat17=pd.read_csv(\"C:/Users/a/Desktop/2020빅콘/제공데이터/제공데이터(.CSV)_시즌별, 시트별 구분/2020빅콘테스트_스포츠투아이_제공데이터_팀타자_2017.csv\",encoding='utf-8',engine='python')\n",
    "t_bat18=pd.read_csv(\"C:/Users/a/Desktop/2020빅콘/제공데이터/제공데이터(.CSV)_시즌별, 시트별 구분/2020빅콘테스트_스포츠투아이_제공데이터_팀타자_2018.csv\",encoding='utf-8',engine='python')\n",
    "t_bat19=pd.read_csv(\"C:/Users/a/Desktop/2020빅콘/제공데이터/제공데이터(.CSV)_시즌별, 시트별 구분/2020빅콘테스트_스포츠투아이_제공데이터_팀타자_2019.csv\",encoding='utf-8',engine='python')"
   ]
  },
  {
   "cell_type": "code",
   "execution_count": 3,
   "metadata": {},
   "outputs": [],
   "source": [
    "#모든 열 다 출력하기\n",
    "pd.options.display.max_columns=None"
   ]
  },
  {
   "cell_type": "markdown",
   "metadata": {},
   "source": [
    "## 2. 정답셋 만들기"
   ]
  },
  {
   "cell_type": "markdown",
   "metadata": {},
   "source": [
    "지우기"
   ]
  },
  {
   "cell_type": "code",
   "execution_count": 12,
   "metadata": {},
   "outputs": [],
   "source": [
    "t_pit16=pd.read_csv(\"C:/Users/a/Desktop/2020빅콘/제공데이터/제공데이터(.CSV)_시즌별, 시트별 구분/2020빅콘테스트_스포츠투아이_제공데이터_팀투수_2016.csv\",encoding='utf-8',engine='python')\n",
    "t_pit17=pd.read_csv(\"C:/Users/a/Desktop/2020빅콘/제공데이터/제공데이터(.CSV)_시즌별, 시트별 구분/2020빅콘테스트_스포츠투아이_제공데이터_팀투수_2017.csv\",encoding='utf-8',engine='python')\n",
    "t_pit18=pd.read_csv(\"C:/Users/a/Desktop/2020빅콘/제공데이터/제공데이터(.CSV)_시즌별, 시트별 구분/2020빅콘테스트_스포츠투아이_제공데이터_팀투수_2018.csv\",encoding='utf-8',engine='python')\n",
    "t_pit19=pd.read_csv(\"C:/Users/a/Desktop/2020빅콘/제공데이터/제공데이터(.CSV)_시즌별, 시트별 구분/2020빅콘테스트_스포츠투아이_제공데이터_팀투수_2019.csv\",encoding='utf-8',engine='python')"
   ]
  },
  {
   "cell_type": "code",
   "execution_count": 13,
   "metadata": {},
   "outputs": [],
   "source": [
    "pd.set_option('mode.chained_assignment',None) #chain copy warning 제거하기\n",
    "\n",
    "def make_win_lose(data):\n",
    "    data['W']=0; data['L']=0\n",
    "    data['W'][data['WLS']=='W']=1\n",
    "    data['L'][data['WLS']=='L']=1\n",
    "    return data"
   ]
  },
  {
   "cell_type": "code",
   "execution_count": 14,
   "metadata": {},
   "outputs": [],
   "source": [
    "#팀투수 데이터에 승,패 여부 추가\n",
    "data_list=[t_pit16,t_pit17,t_pit18,t_pit19] \n",
    "for data in data_list:\n",
    "    data=make_win_lose(data)"
   ]
  },
  {
   "cell_type": "code",
   "execution_count": 15,
   "metadata": {},
   "outputs": [],
   "source": [
    "#팀타자 데이터에 승,패 변수 추가\n",
    "t_bat16=pd.merge(t_bat16,t_pit16[['G_ID','T_ID','W','L','ER','INN2']],on=['G_ID','T_ID'])\n",
    "t_bat17=pd.merge(t_bat17,t_pit17[['G_ID','T_ID','W','L','ER','INN2']],on=['G_ID','T_ID'])\n",
    "t_bat18=pd.merge(t_bat18,t_pit18[['G_ID','T_ID','W','L','ER','INN2']],on=['G_ID','T_ID'])\n",
    "t_bat19=pd.merge(t_bat19,t_pit19[['G_ID','T_ID','W','L','ER','INN2']],on=['G_ID','T_ID'])"
   ]
  },
  {
   "cell_type": "code",
   "execution_count": 49,
   "metadata": {},
   "outputs": [],
   "source": [
    "#정답 셋과 train 셋 만드는 함수\n",
    "t_bat=[t_bat16,t_bat17,t_bat18,t_bat19]\n",
    "def make_answer_train(year):\n",
    "    a=t_bat[year-2016][['T_ID','HIT','AB','W','L','ER','INN2','PA','RBI', 'RUN', 'H2', 'H3', 'HR', 'SB', 'CS', 'SH', 'SF', 'BB',\n",
    "                       'IB', 'HP', 'KK', 'GD', 'ERR', 'LOB', 'P_HRA_RT', 'P_AB_CN', 'P_HIT_CN']]\n",
    "    \n",
    "    #각 팀별로 마지막 20경기씩 뽑아서 밑으로 이어붙이기\n",
    "    ans=pd.DataFrame()\n",
    "    train=pd.DataFrame()\n",
    "    \n",
    "    for t in team:\n",
    "        ans=pd.concat([ans,a[a['T_ID']==t][-20:]])\n",
    "        train=pd.concat([train,a[a['T_ID']==t][:-20]])\n",
    "    \n",
    "    train=train.groupby(['T_ID']).sum()\n",
    "    train['WINNING_RATE'] = train['W']/(train['W']+train['L'])    #승률 변수생성\n",
    "    train['ERA'] = train['ER']*27/train['INN2']  \n",
    "    train['MEAN']=train['HIT']/train['AB']\n",
    "    train=train.drop(train.columns[[0,1,2,3,4,5]],axis='columns')\n",
    "        \n",
    "    #팀별 AB,HIT합 구하기\n",
    "    ans=ans.groupby(['T_ID']).sum()\n",
    "    ans['HIT_RATE']=ans['HIT']/ans['AB'] #타율 계산\n",
    "    ans=ans.drop(ans.columns[list(range(26))],axis='columns')\n",
    "    \n",
    "    data=pd.concat([ans,train],axis=1)\n",
    "    \n",
    "    return data"
   ]
  },
  {
   "cell_type": "code",
   "execution_count": 50,
   "metadata": {},
   "outputs": [],
   "source": [
    "data16=make_answer_train(2016)\n",
    "data17=make_answer_train(2017)\n",
    "data18=make_answer_train(2018)\n",
    "data19=make_answer_train(2019)"
   ]
  },
  {
   "cell_type": "code",
   "execution_count": 52,
   "metadata": {},
   "outputs": [
    {
     "data": {
      "text/html": [
       "<div>\n",
       "<style scoped>\n",
       "    .dataframe tbody tr th:only-of-type {\n",
       "        vertical-align: middle;\n",
       "    }\n",
       "\n",
       "    .dataframe tbody tr th {\n",
       "        vertical-align: top;\n",
       "    }\n",
       "\n",
       "    .dataframe thead th {\n",
       "        text-align: right;\n",
       "    }\n",
       "</style>\n",
       "<table border=\"1\" class=\"dataframe\">\n",
       "  <thead>\n",
       "    <tr style=\"text-align: right;\">\n",
       "      <th></th>\n",
       "      <th>HIT_RATE</th>\n",
       "      <th>PA</th>\n",
       "      <th>RBI</th>\n",
       "      <th>RUN</th>\n",
       "      <th>H2</th>\n",
       "      <th>H3</th>\n",
       "      <th>HR</th>\n",
       "      <th>SB</th>\n",
       "      <th>CS</th>\n",
       "      <th>SH</th>\n",
       "      <th>SF</th>\n",
       "      <th>BB</th>\n",
       "      <th>IB</th>\n",
       "      <th>HP</th>\n",
       "      <th>KK</th>\n",
       "      <th>GD</th>\n",
       "      <th>ERR</th>\n",
       "      <th>LOB</th>\n",
       "      <th>P_HRA_RT</th>\n",
       "      <th>P_AB_CN</th>\n",
       "      <th>P_HIT_CN</th>\n",
       "      <th>WINNING_RATE</th>\n",
       "      <th>ERA</th>\n",
       "      <th>MEAN</th>\n",
       "    </tr>\n",
       "  </thead>\n",
       "  <tbody>\n",
       "    <tr>\n",
       "      <th>HIT_RATE</th>\n",
       "      <td>1.000000</td>\n",
       "      <td>0.070104</td>\n",
       "      <td>-0.044640</td>\n",
       "      <td>-0.046991</td>\n",
       "      <td>-0.034947</td>\n",
       "      <td>-0.345336</td>\n",
       "      <td>-0.106106</td>\n",
       "      <td>0.163209</td>\n",
       "      <td>0.208578</td>\n",
       "      <td>-0.100631</td>\n",
       "      <td>0.198407</td>\n",
       "      <td>0.318909</td>\n",
       "      <td>0.291690</td>\n",
       "      <td>0.039754</td>\n",
       "      <td>0.138252</td>\n",
       "      <td>0.023857</td>\n",
       "      <td>-0.216516</td>\n",
       "      <td>0.406451</td>\n",
       "      <td>0.013403</td>\n",
       "      <td>0.256264</td>\n",
       "      <td>0.002894</td>\n",
       "      <td>0.138297</td>\n",
       "      <td>-0.093851</td>\n",
       "      <td>-0.047717</td>\n",
       "    </tr>\n",
       "    <tr>\n",
       "      <th>PA</th>\n",
       "      <td>0.070104</td>\n",
       "      <td>1.000000</td>\n",
       "      <td>0.797474</td>\n",
       "      <td>0.789913</td>\n",
       "      <td>0.557446</td>\n",
       "      <td>0.355310</td>\n",
       "      <td>0.142888</td>\n",
       "      <td>-0.154892</td>\n",
       "      <td>-0.361606</td>\n",
       "      <td>0.325972</td>\n",
       "      <td>0.324266</td>\n",
       "      <td>0.576159</td>\n",
       "      <td>0.401726</td>\n",
       "      <td>0.436433</td>\n",
       "      <td>-0.165978</td>\n",
       "      <td>0.220031</td>\n",
       "      <td>-0.725188</td>\n",
       "      <td>0.588200</td>\n",
       "      <td>0.727847</td>\n",
       "      <td>0.737603</td>\n",
       "      <td>0.754674</td>\n",
       "      <td>0.398165</td>\n",
       "      <td>-0.119155</td>\n",
       "      <td>0.575812</td>\n",
       "    </tr>\n",
       "    <tr>\n",
       "      <th>RBI</th>\n",
       "      <td>-0.044640</td>\n",
       "      <td>0.797474</td>\n",
       "      <td>1.000000</td>\n",
       "      <td>0.993988</td>\n",
       "      <td>0.761841</td>\n",
       "      <td>0.476621</td>\n",
       "      <td>0.543693</td>\n",
       "      <td>-0.248304</td>\n",
       "      <td>-0.375474</td>\n",
       "      <td>-0.114944</td>\n",
       "      <td>0.639692</td>\n",
       "      <td>0.500221</td>\n",
       "      <td>0.290967</td>\n",
       "      <td>0.550274</td>\n",
       "      <td>-0.295337</td>\n",
       "      <td>0.315661</td>\n",
       "      <td>-0.804853</td>\n",
       "      <td>0.083083</td>\n",
       "      <td>0.874744</td>\n",
       "      <td>0.440746</td>\n",
       "      <td>0.683605</td>\n",
       "      <td>0.813006</td>\n",
       "      <td>-0.582272</td>\n",
       "      <td>0.827866</td>\n",
       "    </tr>\n",
       "    <tr>\n",
       "      <th>RUN</th>\n",
       "      <td>-0.046991</td>\n",
       "      <td>0.789913</td>\n",
       "      <td>0.993988</td>\n",
       "      <td>1.000000</td>\n",
       "      <td>0.806026</td>\n",
       "      <td>0.520957</td>\n",
       "      <td>0.516413</td>\n",
       "      <td>-0.175335</td>\n",
       "      <td>-0.304298</td>\n",
       "      <td>-0.151322</td>\n",
       "      <td>0.680769</td>\n",
       "      <td>0.509980</td>\n",
       "      <td>0.295309</td>\n",
       "      <td>0.516908</td>\n",
       "      <td>-0.344670</td>\n",
       "      <td>0.289834</td>\n",
       "      <td>-0.850845</td>\n",
       "      <td>0.082343</td>\n",
       "      <td>0.862026</td>\n",
       "      <td>0.460836</td>\n",
       "      <td>0.691724</td>\n",
       "      <td>0.812695</td>\n",
       "      <td>-0.583330</td>\n",
       "      <td>0.853366</td>\n",
       "    </tr>\n",
       "    <tr>\n",
       "      <th>H2</th>\n",
       "      <td>-0.034947</td>\n",
       "      <td>0.557446</td>\n",
       "      <td>0.761841</td>\n",
       "      <td>0.806026</td>\n",
       "      <td>1.000000</td>\n",
       "      <td>0.621254</td>\n",
       "      <td>0.434547</td>\n",
       "      <td>0.172716</td>\n",
       "      <td>0.025182</td>\n",
       "      <td>-0.322495</td>\n",
       "      <td>0.489017</td>\n",
       "      <td>0.374054</td>\n",
       "      <td>0.427000</td>\n",
       "      <td>0.474949</td>\n",
       "      <td>-0.171315</td>\n",
       "      <td>0.071274</td>\n",
       "      <td>-0.895906</td>\n",
       "      <td>0.065774</td>\n",
       "      <td>0.598642</td>\n",
       "      <td>0.290493</td>\n",
       "      <td>0.438027</td>\n",
       "      <td>0.621877</td>\n",
       "      <td>-0.449325</td>\n",
       "      <td>0.782417</td>\n",
       "    </tr>\n",
       "    <tr>\n",
       "      <th>H3</th>\n",
       "      <td>-0.345336</td>\n",
       "      <td>0.355310</td>\n",
       "      <td>0.476621</td>\n",
       "      <td>0.520957</td>\n",
       "      <td>0.621254</td>\n",
       "      <td>1.000000</td>\n",
       "      <td>-0.073673</td>\n",
       "      <td>0.338478</td>\n",
       "      <td>0.396716</td>\n",
       "      <td>-0.273156</td>\n",
       "      <td>0.326079</td>\n",
       "      <td>0.152111</td>\n",
       "      <td>0.421752</td>\n",
       "      <td>-0.041628</td>\n",
       "      <td>-0.299194</td>\n",
       "      <td>0.051398</td>\n",
       "      <td>-0.496735</td>\n",
       "      <td>-0.169891</td>\n",
       "      <td>0.623481</td>\n",
       "      <td>0.440588</td>\n",
       "      <td>0.610377</td>\n",
       "      <td>0.335672</td>\n",
       "      <td>-0.117297</td>\n",
       "      <td>0.730703</td>\n",
       "    </tr>\n",
       "    <tr>\n",
       "      <th>HR</th>\n",
       "      <td>-0.106106</td>\n",
       "      <td>0.142888</td>\n",
       "      <td>0.543693</td>\n",
       "      <td>0.516413</td>\n",
       "      <td>0.434547</td>\n",
       "      <td>-0.073673</td>\n",
       "      <td>1.000000</td>\n",
       "      <td>-0.510458</td>\n",
       "      <td>-0.495271</td>\n",
       "      <td>-0.064706</td>\n",
       "      <td>0.420119</td>\n",
       "      <td>-0.076294</td>\n",
       "      <td>0.086868</td>\n",
       "      <td>0.820595</td>\n",
       "      <td>0.076218</td>\n",
       "      <td>0.094921</td>\n",
       "      <td>-0.254518</td>\n",
       "      <td>-0.216942</td>\n",
       "      <td>0.224479</td>\n",
       "      <td>-0.438416</td>\n",
       "      <td>-0.135687</td>\n",
       "      <td>0.605250</td>\n",
       "      <td>-0.746992</td>\n",
       "      <td>0.473001</td>\n",
       "    </tr>\n",
       "    <tr>\n",
       "      <th>SB</th>\n",
       "      <td>0.163209</td>\n",
       "      <td>-0.154892</td>\n",
       "      <td>-0.248304</td>\n",
       "      <td>-0.175335</td>\n",
       "      <td>0.172716</td>\n",
       "      <td>0.338478</td>\n",
       "      <td>-0.510458</td>\n",
       "      <td>1.000000</td>\n",
       "      <td>0.815508</td>\n",
       "      <td>-0.490131</td>\n",
       "      <td>0.017222</td>\n",
       "      <td>0.385260</td>\n",
       "      <td>0.428525</td>\n",
       "      <td>-0.478014</td>\n",
       "      <td>0.140482</td>\n",
       "      <td>-0.154551</td>\n",
       "      <td>-0.236141</td>\n",
       "      <td>0.225757</td>\n",
       "      <td>-0.145928</td>\n",
       "      <td>0.331042</td>\n",
       "      <td>0.119476</td>\n",
       "      <td>-0.018874</td>\n",
       "      <td>0.046483</td>\n",
       "      <td>-0.022262</td>\n",
       "    </tr>\n",
       "    <tr>\n",
       "      <th>CS</th>\n",
       "      <td>0.208578</td>\n",
       "      <td>-0.361606</td>\n",
       "      <td>-0.375474</td>\n",
       "      <td>-0.304298</td>\n",
       "      <td>0.025182</td>\n",
       "      <td>0.396716</td>\n",
       "      <td>-0.495271</td>\n",
       "      <td>0.815508</td>\n",
       "      <td>1.000000</td>\n",
       "      <td>-0.470640</td>\n",
       "      <td>0.120205</td>\n",
       "      <td>-0.074494</td>\n",
       "      <td>0.288766</td>\n",
       "      <td>-0.441088</td>\n",
       "      <td>0.035174</td>\n",
       "      <td>-0.440987</td>\n",
       "      <td>-0.017513</td>\n",
       "      <td>-0.055146</td>\n",
       "      <td>-0.233669</td>\n",
       "      <td>0.107349</td>\n",
       "      <td>-0.088779</td>\n",
       "      <td>-0.097812</td>\n",
       "      <td>0.036976</td>\n",
       "      <td>0.092067</td>\n",
       "    </tr>\n",
       "    <tr>\n",
       "      <th>SH</th>\n",
       "      <td>-0.100631</td>\n",
       "      <td>0.325972</td>\n",
       "      <td>-0.114944</td>\n",
       "      <td>-0.151322</td>\n",
       "      <td>-0.322495</td>\n",
       "      <td>-0.273156</td>\n",
       "      <td>-0.064706</td>\n",
       "      <td>-0.490131</td>\n",
       "      <td>-0.470640</td>\n",
       "      <td>1.000000</td>\n",
       "      <td>-0.372703</td>\n",
       "      <td>-0.214338</td>\n",
       "      <td>0.015307</td>\n",
       "      <td>0.228542</td>\n",
       "      <td>0.048918</td>\n",
       "      <td>0.038970</td>\n",
       "      <td>0.275435</td>\n",
       "      <td>0.502693</td>\n",
       "      <td>-0.127987</td>\n",
       "      <td>0.102706</td>\n",
       "      <td>0.012982</td>\n",
       "      <td>-0.551767</td>\n",
       "      <td>0.529558</td>\n",
       "      <td>-0.222746</td>\n",
       "    </tr>\n",
       "    <tr>\n",
       "      <th>SF</th>\n",
       "      <td>0.198407</td>\n",
       "      <td>0.324266</td>\n",
       "      <td>0.639692</td>\n",
       "      <td>0.680769</td>\n",
       "      <td>0.489017</td>\n",
       "      <td>0.326079</td>\n",
       "      <td>0.420119</td>\n",
       "      <td>0.017222</td>\n",
       "      <td>0.120205</td>\n",
       "      <td>-0.372703</td>\n",
       "      <td>1.000000</td>\n",
       "      <td>0.306355</td>\n",
       "      <td>0.089282</td>\n",
       "      <td>0.237991</td>\n",
       "      <td>-0.568726</td>\n",
       "      <td>0.085887</td>\n",
       "      <td>-0.624802</td>\n",
       "      <td>-0.137940</td>\n",
       "      <td>0.508558</td>\n",
       "      <td>0.244771</td>\n",
       "      <td>0.396202</td>\n",
       "      <td>0.787296</td>\n",
       "      <td>-0.754724</td>\n",
       "      <td>0.748107</td>\n",
       "    </tr>\n",
       "    <tr>\n",
       "      <th>BB</th>\n",
       "      <td>0.318909</td>\n",
       "      <td>0.576159</td>\n",
       "      <td>0.500221</td>\n",
       "      <td>0.509980</td>\n",
       "      <td>0.374054</td>\n",
       "      <td>0.152111</td>\n",
       "      <td>-0.076294</td>\n",
       "      <td>0.385260</td>\n",
       "      <td>-0.074494</td>\n",
       "      <td>-0.214338</td>\n",
       "      <td>0.306355</td>\n",
       "      <td>1.000000</td>\n",
       "      <td>0.449918</td>\n",
       "      <td>-0.086089</td>\n",
       "      <td>-0.068374</td>\n",
       "      <td>0.556756</td>\n",
       "      <td>-0.654198</td>\n",
       "      <td>0.499010</td>\n",
       "      <td>0.555806</td>\n",
       "      <td>0.752979</td>\n",
       "      <td>0.721509</td>\n",
       "      <td>0.504721</td>\n",
       "      <td>-0.235891</td>\n",
       "      <td>0.207512</td>\n",
       "    </tr>\n",
       "    <tr>\n",
       "      <th>IB</th>\n",
       "      <td>0.291690</td>\n",
       "      <td>0.401726</td>\n",
       "      <td>0.290967</td>\n",
       "      <td>0.295309</td>\n",
       "      <td>0.427000</td>\n",
       "      <td>0.421752</td>\n",
       "      <td>0.086868</td>\n",
       "      <td>0.428525</td>\n",
       "      <td>0.288766</td>\n",
       "      <td>0.015307</td>\n",
       "      <td>0.089282</td>\n",
       "      <td>0.449918</td>\n",
       "      <td>1.000000</td>\n",
       "      <td>0.309765</td>\n",
       "      <td>0.433407</td>\n",
       "      <td>0.121015</td>\n",
       "      <td>-0.414322</td>\n",
       "      <td>0.529200</td>\n",
       "      <td>0.359606</td>\n",
       "      <td>0.434396</td>\n",
       "      <td>0.396448</td>\n",
       "      <td>0.283080</td>\n",
       "      <td>-0.195895</td>\n",
       "      <td>0.436566</td>\n",
       "    </tr>\n",
       "    <tr>\n",
       "      <th>HP</th>\n",
       "      <td>0.039754</td>\n",
       "      <td>0.436433</td>\n",
       "      <td>0.550274</td>\n",
       "      <td>0.516908</td>\n",
       "      <td>0.474949</td>\n",
       "      <td>-0.041628</td>\n",
       "      <td>0.820595</td>\n",
       "      <td>-0.478014</td>\n",
       "      <td>-0.441088</td>\n",
       "      <td>0.228542</td>\n",
       "      <td>0.237991</td>\n",
       "      <td>-0.086089</td>\n",
       "      <td>0.309765</td>\n",
       "      <td>1.000000</td>\n",
       "      <td>0.320215</td>\n",
       "      <td>-0.203271</td>\n",
       "      <td>-0.334123</td>\n",
       "      <td>0.214303</td>\n",
       "      <td>0.207235</td>\n",
       "      <td>-0.222045</td>\n",
       "      <td>-0.100760</td>\n",
       "      <td>0.418022</td>\n",
       "      <td>-0.519725</td>\n",
       "      <td>0.505080</td>\n",
       "    </tr>\n",
       "    <tr>\n",
       "      <th>KK</th>\n",
       "      <td>0.138252</td>\n",
       "      <td>-0.165978</td>\n",
       "      <td>-0.295337</td>\n",
       "      <td>-0.344670</td>\n",
       "      <td>-0.171315</td>\n",
       "      <td>-0.299194</td>\n",
       "      <td>0.076218</td>\n",
       "      <td>0.140482</td>\n",
       "      <td>0.035174</td>\n",
       "      <td>0.048918</td>\n",
       "      <td>-0.568726</td>\n",
       "      <td>-0.068374</td>\n",
       "      <td>0.433407</td>\n",
       "      <td>0.320215</td>\n",
       "      <td>1.000000</td>\n",
       "      <td>-0.320308</td>\n",
       "      <td>0.301404</td>\n",
       "      <td>0.339720</td>\n",
       "      <td>-0.371389</td>\n",
       "      <td>-0.290367</td>\n",
       "      <td>-0.433359</td>\n",
       "      <td>-0.164512</td>\n",
       "      <td>0.007310</td>\n",
       "      <td>-0.303072</td>\n",
       "    </tr>\n",
       "    <tr>\n",
       "      <th>GD</th>\n",
       "      <td>0.023857</td>\n",
       "      <td>0.220031</td>\n",
       "      <td>0.315661</td>\n",
       "      <td>0.289834</td>\n",
       "      <td>0.071274</td>\n",
       "      <td>0.051398</td>\n",
       "      <td>0.094921</td>\n",
       "      <td>-0.154551</td>\n",
       "      <td>-0.440987</td>\n",
       "      <td>0.038970</td>\n",
       "      <td>0.085887</td>\n",
       "      <td>0.556756</td>\n",
       "      <td>0.121015</td>\n",
       "      <td>-0.203271</td>\n",
       "      <td>-0.320308</td>\n",
       "      <td>1.000000</td>\n",
       "      <td>-0.176059</td>\n",
       "      <td>-0.048677</td>\n",
       "      <td>0.540137</td>\n",
       "      <td>0.357550</td>\n",
       "      <td>0.585235</td>\n",
       "      <td>0.250096</td>\n",
       "      <td>-0.004056</td>\n",
       "      <td>0.006164</td>\n",
       "    </tr>\n",
       "    <tr>\n",
       "      <th>ERR</th>\n",
       "      <td>-0.216516</td>\n",
       "      <td>-0.725188</td>\n",
       "      <td>-0.804853</td>\n",
       "      <td>-0.850845</td>\n",
       "      <td>-0.895906</td>\n",
       "      <td>-0.496735</td>\n",
       "      <td>-0.254518</td>\n",
       "      <td>-0.236141</td>\n",
       "      <td>-0.017513</td>\n",
       "      <td>0.275435</td>\n",
       "      <td>-0.624802</td>\n",
       "      <td>-0.654198</td>\n",
       "      <td>-0.414322</td>\n",
       "      <td>-0.334123</td>\n",
       "      <td>0.301404</td>\n",
       "      <td>-0.176059</td>\n",
       "      <td>1.000000</td>\n",
       "      <td>-0.301954</td>\n",
       "      <td>-0.677995</td>\n",
       "      <td>-0.589715</td>\n",
       "      <td>-0.634109</td>\n",
       "      <td>-0.670523</td>\n",
       "      <td>0.429709</td>\n",
       "      <td>-0.726229</td>\n",
       "    </tr>\n",
       "    <tr>\n",
       "      <th>LOB</th>\n",
       "      <td>0.406451</td>\n",
       "      <td>0.588200</td>\n",
       "      <td>0.083083</td>\n",
       "      <td>0.082343</td>\n",
       "      <td>0.065774</td>\n",
       "      <td>-0.169891</td>\n",
       "      <td>-0.216942</td>\n",
       "      <td>0.225757</td>\n",
       "      <td>-0.055146</td>\n",
       "      <td>0.502693</td>\n",
       "      <td>-0.137940</td>\n",
       "      <td>0.499010</td>\n",
       "      <td>0.529200</td>\n",
       "      <td>0.214303</td>\n",
       "      <td>0.339720</td>\n",
       "      <td>-0.048677</td>\n",
       "      <td>-0.301954</td>\n",
       "      <td>1.000000</td>\n",
       "      <td>0.010222</td>\n",
       "      <td>0.565691</td>\n",
       "      <td>0.260445</td>\n",
       "      <td>-0.146052</td>\n",
       "      <td>0.218507</td>\n",
       "      <td>-0.061726</td>\n",
       "    </tr>\n",
       "    <tr>\n",
       "      <th>P_HRA_RT</th>\n",
       "      <td>0.013403</td>\n",
       "      <td>0.727847</td>\n",
       "      <td>0.874744</td>\n",
       "      <td>0.862026</td>\n",
       "      <td>0.598642</td>\n",
       "      <td>0.623481</td>\n",
       "      <td>0.224479</td>\n",
       "      <td>-0.145928</td>\n",
       "      <td>-0.233669</td>\n",
       "      <td>-0.127987</td>\n",
       "      <td>0.508558</td>\n",
       "      <td>0.555806</td>\n",
       "      <td>0.359606</td>\n",
       "      <td>0.207235</td>\n",
       "      <td>-0.371389</td>\n",
       "      <td>0.540137</td>\n",
       "      <td>-0.677995</td>\n",
       "      <td>0.010222</td>\n",
       "      <td>1.000000</td>\n",
       "      <td>0.640187</td>\n",
       "      <td>0.880958</td>\n",
       "      <td>0.685499</td>\n",
       "      <td>-0.335554</td>\n",
       "      <td>0.738140</td>\n",
       "    </tr>\n",
       "    <tr>\n",
       "      <th>P_AB_CN</th>\n",
       "      <td>0.256264</td>\n",
       "      <td>0.737603</td>\n",
       "      <td>0.440746</td>\n",
       "      <td>0.460836</td>\n",
       "      <td>0.290493</td>\n",
       "      <td>0.440588</td>\n",
       "      <td>-0.438416</td>\n",
       "      <td>0.331042</td>\n",
       "      <td>0.107349</td>\n",
       "      <td>0.102706</td>\n",
       "      <td>0.244771</td>\n",
       "      <td>0.752979</td>\n",
       "      <td>0.434396</td>\n",
       "      <td>-0.222045</td>\n",
       "      <td>-0.290367</td>\n",
       "      <td>0.357550</td>\n",
       "      <td>-0.589715</td>\n",
       "      <td>0.565691</td>\n",
       "      <td>0.640187</td>\n",
       "      <td>1.000000</td>\n",
       "      <td>0.887578</td>\n",
       "      <td>0.202373</td>\n",
       "      <td>0.154240</td>\n",
       "      <td>0.321655</td>\n",
       "    </tr>\n",
       "    <tr>\n",
       "      <th>P_HIT_CN</th>\n",
       "      <td>0.002894</td>\n",
       "      <td>0.754674</td>\n",
       "      <td>0.683605</td>\n",
       "      <td>0.691724</td>\n",
       "      <td>0.438027</td>\n",
       "      <td>0.610377</td>\n",
       "      <td>-0.135687</td>\n",
       "      <td>0.119476</td>\n",
       "      <td>-0.088779</td>\n",
       "      <td>0.012982</td>\n",
       "      <td>0.396202</td>\n",
       "      <td>0.721509</td>\n",
       "      <td>0.396448</td>\n",
       "      <td>-0.100760</td>\n",
       "      <td>-0.433359</td>\n",
       "      <td>0.585235</td>\n",
       "      <td>-0.634109</td>\n",
       "      <td>0.260445</td>\n",
       "      <td>0.880958</td>\n",
       "      <td>0.887578</td>\n",
       "      <td>1.000000</td>\n",
       "      <td>0.445884</td>\n",
       "      <td>-0.068428</td>\n",
       "      <td>0.538524</td>\n",
       "    </tr>\n",
       "    <tr>\n",
       "      <th>WINNING_RATE</th>\n",
       "      <td>0.138297</td>\n",
       "      <td>0.398165</td>\n",
       "      <td>0.813006</td>\n",
       "      <td>0.812695</td>\n",
       "      <td>0.621877</td>\n",
       "      <td>0.335672</td>\n",
       "      <td>0.605250</td>\n",
       "      <td>-0.018874</td>\n",
       "      <td>-0.097812</td>\n",
       "      <td>-0.551767</td>\n",
       "      <td>0.787296</td>\n",
       "      <td>0.504721</td>\n",
       "      <td>0.283080</td>\n",
       "      <td>0.418022</td>\n",
       "      <td>-0.164512</td>\n",
       "      <td>0.250096</td>\n",
       "      <td>-0.670523</td>\n",
       "      <td>-0.146052</td>\n",
       "      <td>0.685499</td>\n",
       "      <td>0.202373</td>\n",
       "      <td>0.445884</td>\n",
       "      <td>1.000000</td>\n",
       "      <td>-0.898943</td>\n",
       "      <td>0.743512</td>\n",
       "    </tr>\n",
       "    <tr>\n",
       "      <th>ERA</th>\n",
       "      <td>-0.093851</td>\n",
       "      <td>-0.119155</td>\n",
       "      <td>-0.582272</td>\n",
       "      <td>-0.583330</td>\n",
       "      <td>-0.449325</td>\n",
       "      <td>-0.117297</td>\n",
       "      <td>-0.746992</td>\n",
       "      <td>0.046483</td>\n",
       "      <td>0.036976</td>\n",
       "      <td>0.529558</td>\n",
       "      <td>-0.754724</td>\n",
       "      <td>-0.235891</td>\n",
       "      <td>-0.195895</td>\n",
       "      <td>-0.519725</td>\n",
       "      <td>0.007310</td>\n",
       "      <td>-0.004056</td>\n",
       "      <td>0.429709</td>\n",
       "      <td>0.218507</td>\n",
       "      <td>-0.335554</td>\n",
       "      <td>0.154240</td>\n",
       "      <td>-0.068428</td>\n",
       "      <td>-0.898943</td>\n",
       "      <td>1.000000</td>\n",
       "      <td>-0.615911</td>\n",
       "    </tr>\n",
       "    <tr>\n",
       "      <th>MEAN</th>\n",
       "      <td>-0.047717</td>\n",
       "      <td>0.575812</td>\n",
       "      <td>0.827866</td>\n",
       "      <td>0.853366</td>\n",
       "      <td>0.782417</td>\n",
       "      <td>0.730703</td>\n",
       "      <td>0.473001</td>\n",
       "      <td>-0.022262</td>\n",
       "      <td>0.092067</td>\n",
       "      <td>-0.222746</td>\n",
       "      <td>0.748107</td>\n",
       "      <td>0.207512</td>\n",
       "      <td>0.436566</td>\n",
       "      <td>0.505080</td>\n",
       "      <td>-0.303072</td>\n",
       "      <td>0.006164</td>\n",
       "      <td>-0.726229</td>\n",
       "      <td>-0.061726</td>\n",
       "      <td>0.738140</td>\n",
       "      <td>0.321655</td>\n",
       "      <td>0.538524</td>\n",
       "      <td>0.743512</td>\n",
       "      <td>-0.615911</td>\n",
       "      <td>1.000000</td>\n",
       "    </tr>\n",
       "  </tbody>\n",
       "</table>\n",
       "</div>"
      ],
      "text/plain": [
       "              HIT_RATE        PA       RBI       RUN        H2        H3  \\\n",
       "HIT_RATE      1.000000  0.070104 -0.044640 -0.046991 -0.034947 -0.345336   \n",
       "PA            0.070104  1.000000  0.797474  0.789913  0.557446  0.355310   \n",
       "RBI          -0.044640  0.797474  1.000000  0.993988  0.761841  0.476621   \n",
       "RUN          -0.046991  0.789913  0.993988  1.000000  0.806026  0.520957   \n",
       "H2           -0.034947  0.557446  0.761841  0.806026  1.000000  0.621254   \n",
       "H3           -0.345336  0.355310  0.476621  0.520957  0.621254  1.000000   \n",
       "HR           -0.106106  0.142888  0.543693  0.516413  0.434547 -0.073673   \n",
       "SB            0.163209 -0.154892 -0.248304 -0.175335  0.172716  0.338478   \n",
       "CS            0.208578 -0.361606 -0.375474 -0.304298  0.025182  0.396716   \n",
       "SH           -0.100631  0.325972 -0.114944 -0.151322 -0.322495 -0.273156   \n",
       "SF            0.198407  0.324266  0.639692  0.680769  0.489017  0.326079   \n",
       "BB            0.318909  0.576159  0.500221  0.509980  0.374054  0.152111   \n",
       "IB            0.291690  0.401726  0.290967  0.295309  0.427000  0.421752   \n",
       "HP            0.039754  0.436433  0.550274  0.516908  0.474949 -0.041628   \n",
       "KK            0.138252 -0.165978 -0.295337 -0.344670 -0.171315 -0.299194   \n",
       "GD            0.023857  0.220031  0.315661  0.289834  0.071274  0.051398   \n",
       "ERR          -0.216516 -0.725188 -0.804853 -0.850845 -0.895906 -0.496735   \n",
       "LOB           0.406451  0.588200  0.083083  0.082343  0.065774 -0.169891   \n",
       "P_HRA_RT      0.013403  0.727847  0.874744  0.862026  0.598642  0.623481   \n",
       "P_AB_CN       0.256264  0.737603  0.440746  0.460836  0.290493  0.440588   \n",
       "P_HIT_CN      0.002894  0.754674  0.683605  0.691724  0.438027  0.610377   \n",
       "WINNING_RATE  0.138297  0.398165  0.813006  0.812695  0.621877  0.335672   \n",
       "ERA          -0.093851 -0.119155 -0.582272 -0.583330 -0.449325 -0.117297   \n",
       "MEAN         -0.047717  0.575812  0.827866  0.853366  0.782417  0.730703   \n",
       "\n",
       "                    HR        SB        CS        SH        SF        BB  \\\n",
       "HIT_RATE     -0.106106  0.163209  0.208578 -0.100631  0.198407  0.318909   \n",
       "PA            0.142888 -0.154892 -0.361606  0.325972  0.324266  0.576159   \n",
       "RBI           0.543693 -0.248304 -0.375474 -0.114944  0.639692  0.500221   \n",
       "RUN           0.516413 -0.175335 -0.304298 -0.151322  0.680769  0.509980   \n",
       "H2            0.434547  0.172716  0.025182 -0.322495  0.489017  0.374054   \n",
       "H3           -0.073673  0.338478  0.396716 -0.273156  0.326079  0.152111   \n",
       "HR            1.000000 -0.510458 -0.495271 -0.064706  0.420119 -0.076294   \n",
       "SB           -0.510458  1.000000  0.815508 -0.490131  0.017222  0.385260   \n",
       "CS           -0.495271  0.815508  1.000000 -0.470640  0.120205 -0.074494   \n",
       "SH           -0.064706 -0.490131 -0.470640  1.000000 -0.372703 -0.214338   \n",
       "SF            0.420119  0.017222  0.120205 -0.372703  1.000000  0.306355   \n",
       "BB           -0.076294  0.385260 -0.074494 -0.214338  0.306355  1.000000   \n",
       "IB            0.086868  0.428525  0.288766  0.015307  0.089282  0.449918   \n",
       "HP            0.820595 -0.478014 -0.441088  0.228542  0.237991 -0.086089   \n",
       "KK            0.076218  0.140482  0.035174  0.048918 -0.568726 -0.068374   \n",
       "GD            0.094921 -0.154551 -0.440987  0.038970  0.085887  0.556756   \n",
       "ERR          -0.254518 -0.236141 -0.017513  0.275435 -0.624802 -0.654198   \n",
       "LOB          -0.216942  0.225757 -0.055146  0.502693 -0.137940  0.499010   \n",
       "P_HRA_RT      0.224479 -0.145928 -0.233669 -0.127987  0.508558  0.555806   \n",
       "P_AB_CN      -0.438416  0.331042  0.107349  0.102706  0.244771  0.752979   \n",
       "P_HIT_CN     -0.135687  0.119476 -0.088779  0.012982  0.396202  0.721509   \n",
       "WINNING_RATE  0.605250 -0.018874 -0.097812 -0.551767  0.787296  0.504721   \n",
       "ERA          -0.746992  0.046483  0.036976  0.529558 -0.754724 -0.235891   \n",
       "MEAN          0.473001 -0.022262  0.092067 -0.222746  0.748107  0.207512   \n",
       "\n",
       "                    IB        HP        KK        GD       ERR       LOB  \\\n",
       "HIT_RATE      0.291690  0.039754  0.138252  0.023857 -0.216516  0.406451   \n",
       "PA            0.401726  0.436433 -0.165978  0.220031 -0.725188  0.588200   \n",
       "RBI           0.290967  0.550274 -0.295337  0.315661 -0.804853  0.083083   \n",
       "RUN           0.295309  0.516908 -0.344670  0.289834 -0.850845  0.082343   \n",
       "H2            0.427000  0.474949 -0.171315  0.071274 -0.895906  0.065774   \n",
       "H3            0.421752 -0.041628 -0.299194  0.051398 -0.496735 -0.169891   \n",
       "HR            0.086868  0.820595  0.076218  0.094921 -0.254518 -0.216942   \n",
       "SB            0.428525 -0.478014  0.140482 -0.154551 -0.236141  0.225757   \n",
       "CS            0.288766 -0.441088  0.035174 -0.440987 -0.017513 -0.055146   \n",
       "SH            0.015307  0.228542  0.048918  0.038970  0.275435  0.502693   \n",
       "SF            0.089282  0.237991 -0.568726  0.085887 -0.624802 -0.137940   \n",
       "BB            0.449918 -0.086089 -0.068374  0.556756 -0.654198  0.499010   \n",
       "IB            1.000000  0.309765  0.433407  0.121015 -0.414322  0.529200   \n",
       "HP            0.309765  1.000000  0.320215 -0.203271 -0.334123  0.214303   \n",
       "KK            0.433407  0.320215  1.000000 -0.320308  0.301404  0.339720   \n",
       "GD            0.121015 -0.203271 -0.320308  1.000000 -0.176059 -0.048677   \n",
       "ERR          -0.414322 -0.334123  0.301404 -0.176059  1.000000 -0.301954   \n",
       "LOB           0.529200  0.214303  0.339720 -0.048677 -0.301954  1.000000   \n",
       "P_HRA_RT      0.359606  0.207235 -0.371389  0.540137 -0.677995  0.010222   \n",
       "P_AB_CN       0.434396 -0.222045 -0.290367  0.357550 -0.589715  0.565691   \n",
       "P_HIT_CN      0.396448 -0.100760 -0.433359  0.585235 -0.634109  0.260445   \n",
       "WINNING_RATE  0.283080  0.418022 -0.164512  0.250096 -0.670523 -0.146052   \n",
       "ERA          -0.195895 -0.519725  0.007310 -0.004056  0.429709  0.218507   \n",
       "MEAN          0.436566  0.505080 -0.303072  0.006164 -0.726229 -0.061726   \n",
       "\n",
       "              P_HRA_RT   P_AB_CN  P_HIT_CN  WINNING_RATE       ERA      MEAN  \n",
       "HIT_RATE      0.013403  0.256264  0.002894      0.138297 -0.093851 -0.047717  \n",
       "PA            0.727847  0.737603  0.754674      0.398165 -0.119155  0.575812  \n",
       "RBI           0.874744  0.440746  0.683605      0.813006 -0.582272  0.827866  \n",
       "RUN           0.862026  0.460836  0.691724      0.812695 -0.583330  0.853366  \n",
       "H2            0.598642  0.290493  0.438027      0.621877 -0.449325  0.782417  \n",
       "H3            0.623481  0.440588  0.610377      0.335672 -0.117297  0.730703  \n",
       "HR            0.224479 -0.438416 -0.135687      0.605250 -0.746992  0.473001  \n",
       "SB           -0.145928  0.331042  0.119476     -0.018874  0.046483 -0.022262  \n",
       "CS           -0.233669  0.107349 -0.088779     -0.097812  0.036976  0.092067  \n",
       "SH           -0.127987  0.102706  0.012982     -0.551767  0.529558 -0.222746  \n",
       "SF            0.508558  0.244771  0.396202      0.787296 -0.754724  0.748107  \n",
       "BB            0.555806  0.752979  0.721509      0.504721 -0.235891  0.207512  \n",
       "IB            0.359606  0.434396  0.396448      0.283080 -0.195895  0.436566  \n",
       "HP            0.207235 -0.222045 -0.100760      0.418022 -0.519725  0.505080  \n",
       "KK           -0.371389 -0.290367 -0.433359     -0.164512  0.007310 -0.303072  \n",
       "GD            0.540137  0.357550  0.585235      0.250096 -0.004056  0.006164  \n",
       "ERR          -0.677995 -0.589715 -0.634109     -0.670523  0.429709 -0.726229  \n",
       "LOB           0.010222  0.565691  0.260445     -0.146052  0.218507 -0.061726  \n",
       "P_HRA_RT      1.000000  0.640187  0.880958      0.685499 -0.335554  0.738140  \n",
       "P_AB_CN       0.640187  1.000000  0.887578      0.202373  0.154240  0.321655  \n",
       "P_HIT_CN      0.880958  0.887578  1.000000      0.445884 -0.068428  0.538524  \n",
       "WINNING_RATE  0.685499  0.202373  0.445884      1.000000 -0.898943  0.743512  \n",
       "ERA          -0.335554  0.154240 -0.068428     -0.898943  1.000000 -0.615911  \n",
       "MEAN          0.738140  0.321655  0.538524      0.743512 -0.615911  1.000000  "
      ]
     },
     "execution_count": 52,
     "metadata": {},
     "output_type": "execute_result"
    }
   ],
   "source": [
    "data16.corr()"
   ]
  },
  {
   "cell_type": "code",
   "execution_count": 45,
   "metadata": {
    "scrolled": true
   },
   "outputs": [
    {
     "data": {
      "text/html": [
       "<div>\n",
       "<style scoped>\n",
       "    .dataframe tbody tr th:only-of-type {\n",
       "        vertical-align: middle;\n",
       "    }\n",
       "\n",
       "    .dataframe tbody tr th {\n",
       "        vertical-align: top;\n",
       "    }\n",
       "\n",
       "    .dataframe thead th {\n",
       "        text-align: right;\n",
       "    }\n",
       "</style>\n",
       "<table border=\"1\" class=\"dataframe\">\n",
       "  <thead>\n",
       "    <tr style=\"text-align: right;\">\n",
       "      <th></th>\n",
       "      <th>PA</th>\n",
       "      <th>RBI</th>\n",
       "      <th>RUN</th>\n",
       "      <th>H2</th>\n",
       "      <th>H3</th>\n",
       "      <th>HR</th>\n",
       "      <th>SB</th>\n",
       "      <th>CS</th>\n",
       "      <th>SH</th>\n",
       "      <th>SF</th>\n",
       "      <th>BB</th>\n",
       "      <th>IB</th>\n",
       "      <th>HP</th>\n",
       "      <th>KK</th>\n",
       "      <th>GD</th>\n",
       "      <th>ERR</th>\n",
       "      <th>LOB</th>\n",
       "      <th>P_HRA_RT</th>\n",
       "      <th>P_AB_CN</th>\n",
       "      <th>P_HIT_CN</th>\n",
